5.1 2.41907e+016
5.10201 2.38895e+016
5.10401 2.3586e+016
5.10602 2.32801e+016
5.10803 2.2972e+016
5.11003 2.26616e+016
5.11204 2.23491e+016
5.11405 2.20345e+016
5.11605 2.17179e+016
5.11806 2.13993e+016
5.12007 2.10788e+016
5.12207 2.07564e+016
5.12408 2.04323e+016
5.12609 2.01065e+016
5.12809 1.9779e+016
5.1301 1.94499e+016
5.13211 1.91194e+016
5.13411 1.87873e+016
5.13612 1.84538e+016
5.13813 1.8119e+016
5.14013 1.7783e+016
5.14214 1.74457e+016
5.14415 1.71072e+016
5.14615 1.67677e+016
5.14816 1.64271e+016
5.15017 1.60856e+016
5.15217 1.57432e+016
5.15418 1.54e+016
5.15619 1.50559e+016
5.15819 1.47112e+016
5.1602 1.43658e+016
5.16221 1.40198e+016
5.16421 1.36733e+016
5.16622 1.33263e+016
5.16823 1.29789e+016
5.17023 1.26312e+016
5.17224 1.22832e+016
5.17425 1.1935e+016
5.17625 1.15866e+016
5.17826 1.12382e+016
5.18027 1.08897e+016
5.18227 1.05413e+016
5.18428 1.01929e+016
5.18629 9.84475e+015
5.18829 9.49679e+015
5.1903 9.14913e+015
5.19231 8.80181e+015
5.19431 8.4549e+015
5.19632 8.10847e+015
5.19833 7.76257e+015
5.20033 7.41727e+015
5.20234 7.07264e+015
5.20435 6.72873e+015
5.20635 6.3856e+015
5.20836 6.04333e+015
5.21037 5.70196e+015
5.21237 5.36157e+015
5.21438 5.02222e+015
5.21639 4.68396e+015
5.21839 4.34687e+015
5.2204 4.011e+015
5.22241 3.67642e+015
5.22441 3.34318e+015
5.22642 3.01136e+015
5.22843 2.68101e+015
5.23043 2.3522e+015
5.23244 2.02499e+015
5.23445 1.69944e+015
5.23645 1.37561e+015
5.23846 1.05357e+015
5.24047 7.33383e+014
5.24247 4.15105e+014
5.24448 9.88004e+013
5.24649 -2.15467e+014
5.24849 -5.27635e+014
5.2505 -8.37642e+014
5.25251 -1.14542e+015
5.25452 -1.45092e+015
5.25652 -1.75407e+015
5.25853 -2.0548e+015
5.26054 -2.35306e+015
5.26254 -2.64878e+015
5.26455 -2.94191e+015
5.26656 -3.23237e+015
5.26856 -3.5201e+015
5.27057 -3.80506e+015
5.27258 -4.08716e+015
5.27458 -4.36635e+015
5.27659 -4.64256e+015
5.2786 -4.91574e+015
5.2806 -5.18582e+015
5.28261 -5.45273e+015
5.28462 -5.71642e+015
5.28662 -5.97683e+015
5.28863 -6.23389e+015
5.29064 -6.48753e+015
5.29264 -6.7377e+015
5.29465 -6.98433e+015
5.29666 -7.22736e+015
5.29866 -7.46673e+015
5.30067 -7.70238e+015
5.30268 -7.93424e+015
5.30468 -8.16225e+015
5.30669 -8.38634e+015
5.3087 -8.60647e+015
5.3107 -8.82255e+015
5.31271 -9.03454e+015
5.31472 -9.24236e+015
5.31672 -9.44596e+015
5.31873 -9.64527e+015
5.32074 -9.84023e+015
5.32274 -1.00308e+016
5.32475 -1.02169e+016
5.32676 -1.03984e+016
5.32876 -1.05753e+016
5.33077 -1.07476e+016
5.33278 -1.09152e+016
5.33478 -1.10779e+016
5.33679 -1.12359e+016
5.3388 -1.13892e+016
5.3408 -1.15377e+016
5.34281 -1.16816e+016
5.34482 -1.18209e+016
5.34682 -1.19556e+016
5.34883 -1.20858e+016
5.35084 -1.22114e+016
5.35284 -1.23326e+016
5.35485 -1.24493e+016
5.35686 -1.25617e+016
5.35886 -1.26697e+016
5.36087 -1.27734e+016
5.36288 -1.28729e+016
5.36488 -1.29681e+016
5.36689 -1.30591e+016
5.3689 -1.31459e+016
5.3709 -1.32286e+016
5.37291 -1.33073e+016
5.37492 -1.33819e+016
5.37692 -1.34525e+016
5.37893 -1.35192e+016
5.38094 -1.35819e+016
5.38294 -1.36408e+016
5.38495 -1.36958e+016
5.38696 -1.3747e+016
5.38896 -1.37944e+016
5.39097 -1.38381e+016
5.39298 -1.38782e+016
5.39498 -1.39145e+016
5.39699 -1.39473e+016
5.399 -1.39765e+016
5.401 -1.40021e+016
5.40301 -1.40243e+016
5.40502 -1.4043e+016
5.40702 -1.40583e+016
5.40903 -1.40702e+016
5.41104 -1.40787e+016
5.41304 -1.4084e+016
5.41505 -1.4086e+016
5.41706 -1.40848e+016
5.41906 -1.40804e+016
5.42107 -1.40728e+016
5.42308 -1.40622e+016
5.42508 -1.40485e+016
5.42709 -1.40317e+016
5.4291 -1.4012e+016
5.4311 -1.39893e+016
5.43311 -1.39637e+016
5.43512 -1.39352e+016
5.43712 -1.39039e+016
5.43913 -1.38698e+016
5.44114 -1.38329e+016
5.44314 -1.37933e+016
5.44515 -1.37511e+016
5.44716 -1.37062e+016
5.44916 -1.36587e+016
5.45117 -1.36086e+016
5.45318 -1.3556e+016
5.45518 -1.35009e+016
5.45719 -1.34434e+016
5.4592 -1.33835e+016
5.4612 -1.33212e+016
5.46321 -1.32565e+016
5.46522 -1.31896e+016
5.46722 -1.31205e+016
5.46923 -1.30491e+016
5.47124 -1.29755e+016
5.47324 -1.28998e+016
5.47525 -1.2822e+016
5.47726 -1.27422e+016
5.47926 -1.26603e+016
5.48127 -1.25765e+016
5.48328 -1.24907e+016
5.48528 -1.2403e+016
5.48729 -1.23134e+016
5.4893 -1.22221e+016
5.4913 -1.21289e+016
5.49331 -1.2034e+016
5.49532 -1.19374e+016
5.49732 -1.18391e+016
5.49933 -1.17392e+016
5.50134 -1.16377e+016
5.50334 -1.15346e+016
5.50535 -1.143e+016
5.50736 -1.1324e+016
5.50936 -1.12165e+016
5.51137 -1.11076e+016
5.51338 -1.09973e+016
5.51538 -1.08858e+016
5.51739 -1.07729e+016
5.5194 -1.06589e+016
5.5214 -1.05436e+016
5.52341 -1.04271e+016
5.52542 -1.03095e+016
5.52742 -1.01909e+016
5.52943 -1.00711e+016
5.53144 -9.95042e+015
5.53344 -9.82872e+015
5.53545 -9.7061e+015
5.53746 -9.58258e+015
5.53946 -9.45821e+015
5.54147 -9.33302e+015
5.54348 -9.20706e+015
5.54548 -9.08036e+015
5.54749 -8.95296e+015
5.5495 -8.8249e+015
5.55151 -8.69622e+015
5.55351 -8.56696e+015
5.55552 -8.43716e+015
5.55753 -8.30685e+015
5.55953 -8.17608e+015
5.56154 -8.04488e+015
5.56355 -7.91329e+015
5.56555 -7.78136e+015
5.56756 -7.64911e+015
5.56957 -7.5166e+015
5.57157 -7.38385e+015
5.57358 -7.25091e+015
5.57559 -7.11781e+015
5.57759 -6.9846e+015
5.5796 -6.85131e+015
5.58161 -6.71798e+015
5.58361 -6.58465e+015
5.58562 -6.45137e+015
5.58763 -6.31816e+015
5.58963 -6.18507e+015
5.59164 -6.05213e+015
5.59365 -5.91939e+015
5.59565 -5.78689e+015
5.59766 -5.65465e+015
5.59967 -5.52273e+015
5.60167 -5.39116e+015
5.60368 -5.25998e+015
5.60569 -5.12922e+015
5.60769 -4.99894e+015
5.6097 -4.86916e+015
5.61171 -4.73992e+015
5.61371 -4.61126e+015
5.61572 -4.48323e+015
5.61773 -4.35586e+015
5.61973 -4.22919e+015
5.62174 -4.10326e+015
5.62375 -3.97811e+015
5.62575 -3.85377e+015
5.62776 -3.73029e+015
5.62977 -3.6077e+015
5.63177 -3.48605e+015
5.63378 -3.36536e+015
5.63579 -3.24569e+015
5.63779 -3.12707e+015
5.6398 -3.00953e+015
5.64181 -2.89312e+015
5.64381 -2.77788e+015
5.64582 -2.66385e+015
5.64783 -2.55105e+015
5.64983 -2.43954e+015
5.65184 -2.32935e+015
5.65385 -2.22053e+015
5.65585 -2.1131e+015
5.65786 -2.0071e+015
5.65987 -1.90259e+015
5.66187 -1.79959e+015
5.66388 -1.69814e+015
5.66589 -1.59829e+015
5.66789 -1.50007e+015
5.6699 -1.40349e+015
5.67191 -1.30854e+015
5.67391 -1.2152e+015
5.67592 -1.12347e+015
5.67793 -1.03334e+015
5.67993 -9.44785e+014
5.68194 -8.57805e+014
5.68395 -7.72386e+014
5.68595 -6.88516e+014
5.68796 -6.06184e+014
5.68997 -5.25379e+014
5.69197 -4.46088e+014
5.69398 -3.68301e+014
5.69599 -2.92006e+014
5.69799 -2.17192e+014
5.7 -1.43847e+014
