2 1.25
2.1 1.22
2.2 1.19
2.3 1.17
2.4 1.15
2.5 1.11
2.6 1.28
2.7 1.3
2.8 1.4
2.9 1.42
3 1.5
3.1 1.56
3.2 1.63
3.3 1.66
3.4 1.7
3.5 1.79
3.6 1.86
3.7 1.95
3.8 1.67
3.9 2.1
4 2.2
4.1 2.11
4.2 2.3
4.3 2.06
4.4 2.2
4.5 2.09
4.6 2.24
4.7 2.27
4.8 2.45
4.9 2.4
5 2.3
5.1 2.56
5.2 2.76
5.3 2.45
5.4 2.31
5.5 2.78
5.6 2.41
5.7 2.65
5.8 2.86
5.9 2.96
6 2.9
6.1 2.99
6.2 3.06
6.3 3.14
6.4 3.21
6.5 3.11
6.6 3.16
6.7 3.45
6.8 3.34
6.9 3.29
7 3.4
7.1 3.56
7.2 3.49
7.3 3.58
7.4 3.78
7.5 3.87
7.6 3.77
7.7 3.91
7.8 3.96
7.9 4.01
8 4.1
8.1 4.22
8.2 4.2
8.3 4.11
8.4 4
8.5 3.86
8.6 3.67
8.7 3.45
8.8 3.2
8.9 2.9
9 2.5
9.1 2.3
9.2 2
9.3 1.89
9.4 1.65
9.5 1.47
9.6 1.24
9.7 1.01
9.8 0.6
9.9 0.49
10 0.2
